194422
251678
203308
338876
171481
110928
156324
156324
110928
116711
338876
149789
246961
194422
406285
246961
203308
149789
138672
110928
203308
149789
149789
247941
110928
116711
149789
246961
171481
110928
247941
110928
203308
110928
171481
338876
338876
149789
149789
150541
116711
203308
110928
203308
246961
110928
149789
149789
203308
203308
156324
110928
156324
251678
171481
110928
110928
194422
251678
203308
203308
225000
150541
156324
116711
110928
203308
150541
246961
194422
338876
110928
171481
203308
492646
110928
149789
138672
193442
150541
149789
110928
203308
110928
293928
338876
246961
110928
149789
203308
296311
110928
110928
149789
203308
171481
171481
203308
138672
193442
342298
203308
156324
110928
110928
149789
110928
156324
171481
110928
110928
293928
149789
156324
296311
203308
149789
110928
150541
116711
193442
149789
110928
138672
110928
193442
240409
156324
194422
149789
203308
149789
171481
110928
149789
123646
116711
149789
203308
110928
149789
110928
110928
178285
156324
138672
149789
246961
247941
178285
149789
296311
149789
342298
116711
110928
116711
203308
203308
149789
150541
110928
203308
149789
150541
194422
110928
149789
385843
116711
203308
150541
149789
149789
156324
110928
240409
116711
251678
246961
110928
247941
246961
110928
149789
194422
247941
194422
193442
149789
156324
156324
110928
138672
110928
178285
203308
110928
203308
110928
110928
149789
171481
203308
150541
150541
110928
295331
150541
149789
299483
194422
149789
110928
203308
138672
251678
110928
116711
171481
110928
246961
338876
203308
149789
251678
203308
194422
149789
178285
110928
171481
110928
293928
110928
194422
492646
149789
149789
110928
156324
246961
178285
246961
110928
171481
156324
110928
385843
110928
293928
150541
149789
149789
156324
171481
246961
255938
178285
110928
156324
150541
251678
110928
246961
116711
110928
139554
385843
194422
95019.3
203308
194422
251678
110928
110928
246961
149789
149789
149789
149789
193442
246961
150541
116711
110928
149789
